Some((
    red: 0.259592,
    green: 0.80000114,
    blue: 0.9494907,
))